Frame Monument_101etc 25 25 25 13
           111
          1   1
          1   1
          1   1
           111
      111  111
     1   11   1
     1   11   1
     1   11   1
      111  111
           111
          1   1
          1   1
          1   1
           111
           111
          1   1
          1   1
          1   1
           111
 111  111  111  111  111 
1   11   11   11   11   1
1   11   11   11   11   1
1   11   11   11   11   1
 111  111  111  111  111 
Frame Monument_010etc 25 25 25 13
       0    0    0
      00   00   00
       0    0    0
       0    0    0
     000000000000000
  0                   0
 00                  00
  0                   0
  0                   0
00000               00000
  0                   0
 00                  00
  0                   0
  0                   0
00000               00000
  0                   0
 00                  00
  0                   0
  0                   0
00000               00000
       0    0    0
      00   00   00
       0    0    0
       0    0    0
     000000000000000